0.0 0.5180639981649272 0.47035040431266845 0.46735395189003437 0.4649080926235378 0.4247265400115141 
0.5180639981649272 0.0 0.5719901168014375 0.5690721649484536 0.5802100740033421 0.6211859527921704 
0.47035040431266845 0.5719901168014375 0.0 0.5729667812142039 0.5654094055860587 0.6217616580310881 
0.46735395189003437 0.5690721649484536 0.5729667812142039 0.0 0.17402721413225114 0.56188831318365 
0.4649080926235378 0.5802100740033421 0.5654094055860587 0.17402721413225114 0.0 0.5500863557858376 
0.4247265400115141 0.6211859527921704 0.6217616580310881 0.56188831318365 0.5500863557858376 0.0 
